	FN33	FN47	FN46	FN55	FN57	FN32	FN31	FN34	FN36	FN37	FN39	FN59	FN35	FN51	FN50	FN48	FN42	FN41	FN40	FN44	FN43	FN38	FN45	FN49	FN53	FN56	FN54	FN52	FN58	FN60
FN33	0.0	0.324405062974	0.318292130709	0.331096549665	0.314637844014	0.267012068025	0.267492105409	0.314273866213	0.305045712708	0.286521775891	0.318461753953	0.365513026443	0.354473878589	0.314599809385	0.314211668142	0.336840402479	0.289522890766	0.343276517956	0.312057921367	0.348434526465	0.377602576884	0.294355973988	0.356368093899	0.294737558443	0.364549129425	0.335088287537	0.34242839314	0.381345800959	0.355062751971	0.361885763944
FN47	0.324405062974	0.0	0.344444951035	0.338750290655	0.311145031794	0.282821229739	0.30174470788	0.310764464664	0.32330286353	0.294875877003	0.354606238188	0.371480760689	0.4016245744	0.301223123985	0.344560771105	0.349793490256	0.306363365571	0.386435633704	0.368812909892	0.345333269523	0.362423696784	0.312426388532	0.351803914314	0.319301891972	0.363591051701	0.349431895219	0.374852251057	0.404712589261	0.353511742211	0.408183405163
FN46	0.318292130709	0.344444951035	0.0	0.302546341863	0.293475817495	0.283757247422	0.267112738876	0.276238604999	0.330596734243	0.276795962286	0.357266986559	0.30999115423	0.389373984394	0.281982832971	0.278970476693	0.27317056604	0.250430978675	0.32468173812	0.318198630831	0.29770060796	0.298186242988	0.302151539179	0.277392608096	0.306263178461	0.388055606159	0.299494412778	0.311339080751	0.267977408816	0.26845291104	0.427257523788
FN55	0.331096549665	0.338750290655	0.302546341863	0.0	0.272470014591	0.266382774041	0.273929189804	0.297047756767	0.316121351308	0.270431204189	0.358518923661	0.22513530756	0.416168273681	0.31069442302	0.357256994158	0.27887047476	0.267173003837	0.233209662927	0.272071996589	0.27232051942	0.198253816982	0.334485948722	0.262708896709	0.354025194444	0.428129345495	0.244019584505	0.305334580712	0.254834965946	0.225775145313	0.414616783898
FN57	0.314637844014	0.311145031794	0.293475817495	0.272470014591	0.0	0.234143546646	0.253296388888	0.256932467174	0.311515976972	0.259199680981	0.298381938671	0.297855845029	0.350288986589	0.230698257552	0.303623551267	0.272079339022	0.223359920596	0.318364353513	0.280380972462	0.291582414639	0.288806232058	0.254921715825	0.277020286573	0.290087929793	0.351842969765	0.22580285982	0.322561728599	0.307392768128	0.256665323645	0.393854654405
FN32	0.267012068025	0.282821229739	0.283757247422	0.266382774041	0.234143546646	0.0	0.254547519781	0.285473017403	0.322040171006	0.254503058892	0.308502655493	0.294865994514	0.365451026714	0.23545029012	0.314098399004	0.285643735113	0.256656403168	0.311815280199	0.269181073653	0.310530762915	0.314681088318	0.273098172114	0.267073810136	0.276289280465	0.365463597852	0.238652738522	0.320810703715	0.306186589609	0.270570001146	0.374337329896
FN31	0.267492105409	0.30174470788	0.267112738876	0.273929189804	0.253296388888	0.254547519781	0.0	0.271040135952	0.250825486601	0.264622227588	0.308018321492	0.30933926153	0.393361929795	0.294388956794	0.272240253419	0.26330481499	0.248438106142	0.291941493524	0.302584708817	0.30739479315	0.313906125035	0.281217503993	0.304427774874	0.289002023283	0.37018426578	0.287120351836	0.324503123517	0.328749720522	0.291021856151	0.405021357731
FN34	0.314273866213	0.310764464664	0.276238604999	0.297047756767	0.256932467174	0.285473017403	0.271040135952	0.0	0.287137265256	0.266459682619	0.313396035601	0.314979650683	0.411103016474	0.270438533781	0.302930478751	0.281966483207	0.248592696737	0.3201810926	0.341185675036	0.289017996545	0.309714991797	0.28851949134	0.281578687605	0.292241287745	0.358237313741	0.312200125993	0.337212586877	0.327705460563	0.303504308135	0.415605178231
FN36	0.305045712708	0.32330286353	0.330596734243	0.316121351308	0.311515976972	0.322040171006	0.250825486601	0.287137265256	0.0	0.319555380074	0.334963383538	0.351744115238	0.426736644833	0.315387910123	0.343158857067	0.31750126298	0.309026435278	0.330280430811	0.333209225329	0.305628754388	0.302944446752	0.325966678075	0.332603831513	0.352056045827	0.423154588138	0.334396699181	0.349417154402	0.374498344547	0.340025771783	0.421089836136
FN37	0.286521775891	0.294875877003	0.276795962286	0.270431204189	0.259199680981	0.254503058892	0.264622227588	0.266459682619	0.319555380074	0.0	0.332851748935	0.266225449305	0.394045926746	0.266997080038	0.299400534686	0.268235696472	0.249285056945	0.299755105397	0.292718590278	0.270506123539	0.292869604576	0.283101889598	0.270426577356	0.329103767931	0.383710302887	0.257136840025	0.326479468545	0.29838288167	0.291325927823	0.410381185346
FN39	0.318461753953	0.354606238188	0.357266986559	0.358518923661	0.298381938671	0.308502655493	0.308018321492	0.313396035601	0.334963383538	0.332851748935	0.0	0.396827683716	0.384803715513	0.34963186258	0.343271040815	0.362175274185	0.327911673122	0.389940299698	0.368976179205	0.384112699864	0.358377156502	0.320071455412	0.368087692929	0.324161240206	0.393750036156	0.340240571686	0.375907174166	0.412440868388	0.362013195103	0.429009808236
FN59	0.365513026443	0.371480760689	0.30999115423	0.22513530756	0.297855845029	0.294865994514	0.30933926153	0.314979650683	0.351744115238	0.266225449305	0.396827683716	0.0	0.436959064521	0.272271715978	0.373586508553	0.267954901191	0.27001540779	0.182478324113	0.286521285483	0.230678368501	0.259183316079	0.374470402708	0.193484340223	0.385868515253	0.446095640681	0.256264678885	0.315597059168	0.195657782048	0.239702224765	0.463010710808
FN35	0.354473878589	0.4016245744	0.389373984394	0.416168273681	0.350288986589	0.365451026714	0.393361929795	0.411103016474	0.426736644833	0.394045926746	0.384803715513	0.436959064521	0.0	0.367082895469	0.345471539267	0.404012580869	0.388721121984	0.440279842045	0.375999526004	0.392889661389	0.470403108155	0.334557353413	0.419613421214	0.312699069843	0.366027604001	0.408731587257	0.415613773314	0.448405200907	0.420225597103	0.410986492764
FN51	0.314599809385	0.301223123985	0.281982832971	0.31069442302	0.230698257552	0.23545029012	0.294388956794	0.270438533781	0.315387910123	0.266997080038	0.34963186258	0.272271715978	0.367082895469	0.0	0.327675710681	0.246559558421	0.255375554395	0.313467596117	0.263124401591	0.264283332986	0.345619881678	0.293992876798	0.264582964555	0.298329697432	0.360254028275	0.239768511128	0.362587244624	0.276390553036	0.282588502991	0.389714622153
FN50	0.314211668142	0.344560771105	0.278970476693	0.357256994158	0.303623551267	0.314098399004	0.272240253419	0.302930478751	0.343158857067	0.299400534686	0.343271040815	0.373586508553	0.345471539267	0.327675710681	0.0	0.337141251639	0.278118346159	0.37795641192	0.327432434399	0.351307908069	0.388794365493	0.277562518134	0.36805797904	0.24219552302	0.33565295975	0.327459942717	0.311221246016	0.387062670123	0.350163140925	0.367048603962
FN48	0.336840402479	0.349793490256	0.27317056604	0.27887047476	0.272079339022	0.285643735113	0.26330481499	0.281966483207	0.31750126298	0.268235696472	0.362175274185	0.267954901191	0.404012580869	0.246559558421	0.337141251639	0.0	0.26641473396	0.282047985075	0.274329535876	0.283085513578	0.328543317796	0.351907653014	0.247336263722	0.339715972073	0.391688110206	0.269804478567	0.350445238232	0.241495964288	0.283295122369	0.417143118109
FN42	0.289522890766	0.306363365571	0.250430978675	0.267173003837	0.223359920596	0.256656403168	0.248438106142	0.248592696737	0.309026435278	0.249285056945	0.327911673122	0.27001540779	0.388721121984	0.255375554395	0.278118346159	0.26641473396	0.0	0.294744010963	0.269487833739	0.260023310335	0.290995873494	0.270229827129	0.245540766248	0.276422112344	0.350497230522	0.202063045823	0.259663773233	0.282872177676	0.241584908404	0.409490273903
FN41	0.343276517956	0.386435633704	0.32468173812	0.233209662927	0.318364353513	0.311815280199	0.291941493524	0.3201810926	0.330280430811	0.299755105397	0.389940299698	0.182478324113	0.440279842045	0.313467596117	0.37795641192	0.282047985075	0.294744010963	0.0	0.287571855226	0.272482369553	0.29140302733	0.37956988673	0.216717580525	0.393341753358	0.455165889345	0.29759875868	0.335497019095	0.224445083312	0.248567082651	0.443219451388
FN40	0.312057921367	0.368812909892	0.318198630831	0.272071996589	0.280380972462	0.269181073653	0.302584708817	0.341185675036	0.333209225329	0.292718590278	0.368976179205	0.286521285483	0.375999526004	0.263124401591	0.327432434399	0.274329535876	0.269487833739	0.287571855226	0.0	0.279511491726	0.347539795698	0.343189616141	0.276921140395	0.351728138853	0.409380589511	0.23736309144	0.360419723825	0.282681672311	0.261221940589	0.417231911929
FN44	0.348434526465	0.345333269523	0.29770060796	0.27232051942	0.291582414639	0.310530762915	0.30739479315	0.289017996545	0.305628754388	0.270506123539	0.384112699864	0.230678368501	0.392889661389	0.264283332986	0.351307908069	0.283085513578	0.260023310335	0.272482369553	0.279511491726	0.0	0.300037214639	0.365732085347	0.227985880449	0.356175527819	0.413996725084	0.265180982774	0.340068142776	0.259482070793	0.268167300185	0.448608369075
FN43	0.377602576884	0.362423696784	0.298186242988	0.198253816982	0.288806232058	0.314681088318	0.313906125035	0.309714991797	0.302944446752	0.292869604576	0.358377156502	0.259183316079	0.470403108155	0.345619881678	0.388794365493	0.328543317796	0.290995873494	0.29140302733	0.347539795698	0.300037214639	0.0	0.351367660766	0.307452710649	0.398168272919	0.44052361774	0.274078685158	0.312179976553	0.300416521101	0.259713146746	0.449271472427
FN38	0.294355973988	0.312426388532	0.302151539179	0.334485948722	0.254921715825	0.273098172114	0.281217503993	0.28851949134	0.325966678075	0.283101889598	0.320071455412	0.374470402708	0.334557353413	0.293992876798	0.277562518134	0.351907653014	0.270229827129	0.37956988673	0.343189616141	0.365732085347	0.351367660766	0.0	0.36145297648	0.263583487073	0.336629071717	0.326397365621	0.319855554258	0.394313607914	0.334934960323	0.362057233715
FN45	0.356368093899	0.351803914314	0.277392608096	0.262708896709	0.277020286573	0.267073810136	0.304427774874	0.281578687605	0.332603831513	0.270426577356	0.368087692929	0.193484340223	0.419613421214	0.264582964555	0.36805797904	0.247336263722	0.245540766248	0.216717580525	0.276921140395	0.227985880449	0.307452710649	0.36145297648	0.0	0.368428381959	0.438344758592	0.247683341267	0.331620964787	0.208157829647	0.240917232644	0.440365720254
FN49	0.294737558443	0.319301891972	0.306263178461	0.354025194444	0.290087929793	0.276289280465	0.289002023283	0.292241287745	0.352056045827	0.329103767931	0.324161240206	0.385868515253	0.312699069843	0.298329697432	0.24219552302	0.339715972073	0.276422112344	0.393341753358	0.351728138853	0.356175527819	0.398168272919	0.263583487073	0.368428381959	0.0	0.289567641348	0.338244371338	0.307574230598	0.40017884663	0.362207256119	0.36523746287
FN53	0.364549129425	0.363591051701	0.388055606159	0.428129345495	0.351842969765	0.365463597852	0.37018426578	0.358237313741	0.423154588138	0.383710302887	0.393750036156	0.446095640681	0.366027604001	0.360254028275	0.33565295975	0.391688110206	0.350497230522	0.455165889345	0.409380589511	0.413996725084	0.44052361774	0.336629071717	0.438344758592	0.289567641348	0.0	0.40779739009	0.376389829955	0.456087388132	0.418326290181	0.357870996298
FN56	0.335088287537	0.349431895219	0.299494412778	0.244019584505	0.22580285982	0.238652738522	0.287120351836	0.312200125993	0.334396699181	0.257136840025	0.340240571686	0.256264678885	0.408731587257	0.239768511128	0.327459942717	0.269804478567	0.202063045823	0.29759875868	0.23736309144	0.265180982774	0.274078685158	0.326397365621	0.247683341267	0.338244371338	0.40779739009	0.0	0.333546668832	0.246603780731	0.227395872888	0.418443301905
FN54	0.34242839314	0.374852251057	0.311339080751	0.305334580712	0.322561728599	0.320810703715	0.324503123517	0.337212586877	0.349417154402	0.326479468545	0.375907174166	0.315597059168	0.415613773314	0.362587244624	0.311221246016	0.350445238232	0.259663773233	0.335497019095	0.360419723825	0.340068142776	0.312179976553	0.319855554258	0.331620964787	0.307574230598	0.376389829955	0.333546668832	0.0	0.361982626227	0.313472144907	0.402527423204
FN52	0.381345800959	0.404712589261	0.267977408816	0.254834965946	0.307392768128	0.306186589609	0.328749720522	0.327705460563	0.374498344547	0.29838288167	0.412440868388	0.195657782048	0.448405200907	0.276390553036	0.387062670123	0.241495964288	0.282872177676	0.224445083312	0.282681672311	0.259482070793	0.300416521101	0.394313607914	0.208157829647	0.40017884663	0.456087388132	0.246603780731	0.361982626227	0.0	0.250488321658	0.477401865003
FN58	0.355062751971	0.353511742211	0.26845291104	0.225775145313	0.256665323645	0.270570001146	0.291021856151	0.303504308135	0.340025771783	0.291325927823	0.362013195103	0.239702224765	0.420225597103	0.282588502991	0.350163140925	0.283295122369	0.241584908404	0.248567082651	0.261221940589	0.268167300185	0.259713146746	0.334934960323	0.240917232644	0.362207256119	0.418326290181	0.227395872888	0.313472144907	0.250488321658	0.0	0.427072842663
FN60	0.361885763944	0.408183405163	0.427257523788	0.414616783898	0.393854654405	0.374337329896	0.405021357731	0.415605178231	0.421089836136	0.410381185346	0.429009808236	0.463010710808	0.410986492764	0.389714622153	0.367048603962	0.417143118109	0.409490273903	0.443219451388	0.417231911929	0.448608369075	0.449271472427	0.362057233715	0.440365720254	0.36523746287	0.357870996298	0.418443301905	0.402527423204	0.477401865003	0.427072842663	0.0