	FN33	FN47	FN46	FN55	FN57	FN32	FN31	FN34	FN36	FN37	FN39	FN59	FN35	FN51	FN50	FN48	FN42	FN41	FN40	FN44	FN43	FN38	FN45	FN49	FN53	FN56	FN54	FN52	FN58	FN60
FN33	0.0	0.342275229648	0.334362554098	0.320102635817	0.282448682941	0.255540819785	0.26983233093	0.284810088241	0.313763044134	0.308884453274	0.314422139188	0.348252563476	0.357479866134	0.288350890367	0.351585602377	0.315331601677	0.314652376053	0.318566155595	0.30481568842	0.343481814695	0.381758783086	0.299651781845	0.340181495629	0.297329594446	0.386583144604	0.327664330749	0.324136387916	0.368161867679	0.352460333221	0.393034171896
FN47	0.342275229648	0.0	0.327880933839	0.366165893188	0.305969392692	0.308501397064	0.291393472599	0.288651490528	0.296099234991	0.310427610172	0.351308544372	0.376040209757	0.409955531879	0.282493885566	0.357713753924	0.341594092576	0.307379166264	0.380077272719	0.370098881808	0.328935372273	0.349801412817	0.31028549781	0.343749479976	0.321979856957	0.374134365049	0.347182907651	0.372314158249	0.412187757414	0.367392112462	0.427383443409
FN46	0.334362554098	0.327880933839	0.0	0.332452212135	0.284632499696	0.285323541213	0.270553199311	0.259243847582	0.319631935713	0.294893704185	0.353424999801	0.325207160873	0.385858828266	0.29527738914	0.259061041716	0.292469475293	0.263383386304	0.327345612163	0.339536594108	0.299099043267	0.310159951239	0.311752689491	0.301384564153	0.290741566044	0.370267591478	0.316832896529	0.32087465254	0.292476125982	0.299775157467	0.424722680576
FN55	0.320102635817	0.366165893188	0.332452212135	0.0	0.285943926308	0.2914827981	0.324701376094	0.312853536974	0.34071453608	0.313937077647	0.357552749522	0.22614084102	0.437445918099	0.317524663271	0.37763896175	0.292259116352	0.296102678515	0.230027407266	0.285415177671	0.305172603654	0.214521128659	0.374646265233	0.293018142269	0.382605465971	0.450032863019	0.229651056936	0.354088396206	0.265160665475	0.229130771845	0.438381203743
FN57	0.282448682941	0.305969392692	0.284632499696	0.285943926308	0.0	0.21163223085	0.256790580721	0.224211615068	0.312360885771	0.256518814267	0.298461278898	0.306248466243	0.332866836287	0.234094943705	0.291789954854	0.270357006308	0.214632838333	0.307125696838	0.268994184485	0.278572611389	0.295529923877	0.239444308711	0.263281027487	0.26998686213	0.347883054586	0.253440267598	0.324352806183	0.319285104074	0.278475212858	0.368339519079
FN32	0.255540819785	0.308501397064	0.285323541213	0.2914827981	0.21163223085	0.0	0.212731419971	0.267234855723	0.294610798732	0.256990089507	0.308100959013	0.3079817976	0.374200376593	0.25080758262	0.30874759487	0.27653861017	0.252517853989	0.298618068746	0.275019612499	0.329079746224	0.303111168266	0.28089623333	0.296051915374	0.284557162613	0.371667413869	0.24227039017	0.307858118084	0.317718706732	0.272336832778	0.388973442291
FN31	0.26983233093	0.291393472599	0.270553199311	0.324701376094	0.256790580721	0.212731419971	0.0	0.247427768911	0.242189195124	0.269379000778	0.309735012115	0.328568594792	0.380623630248	0.279504888425	0.288928360564	0.276786994007	0.242774675319	0.294643468843	0.308940329838	0.31886930732	0.332293010868	0.27218722561	0.301249765087	0.288700430248	0.340961681913	0.308498616219	0.308383411202	0.347520719382	0.308146998369	0.405262203409
FN34	0.284810088241	0.288651490528	0.259243847582	0.312853536974	0.224211615068	0.267234855723	0.247427768911	0.0	0.267649377552	0.257165982771	0.284415521369	0.299315375809	0.392230780413	0.246344216015	0.29031276815	0.2593024494	0.240647918232	0.302426346176	0.317692691099	0.264895691008	0.297639071068	0.286858474827	0.27333408577	0.282846384471	0.374895219328	0.285226792337	0.326262835901	0.312415170195	0.310643407391	0.407848226354
FN36	0.313763044134	0.296099234991	0.319631935713	0.34071453608	0.312360885771	0.294610798732	0.242189195124	0.267649377552	0.0	0.313660261397	0.336829026273	0.347490128922	0.411896556387	0.293752398534	0.316273643123	0.304715158706	0.284061919046	0.319724576324	0.324617590093	0.302277353875	0.315739949444	0.315161587238	0.329275618113	0.337400607366	0.394630220563	0.341142571297	0.325083765315	0.374163431287	0.336606962431	0.42158344561
FN37	0.308884453274	0.310427610172	0.294893704185	0.313937077647	0.256518814267	0.256990089507	0.269379000778	0.257165982771	0.313660261397	0.0	0.339942258841	0.296590162826	0.399922965056	0.279490918553	0.321834296196	0.275917488232	0.269395022676	0.299724798514	0.290826912176	0.278736541601	0.303107329231	0.291186658521	0.286290979571	0.328326328446	0.386222169509	0.264644161877	0.339596724623	0.315510302291	0.307954430459	0.420404534544
FN39	0.314422139188	0.351308544372	0.353424999801	0.357552749522	0.298461278898	0.308100959013	0.309735012115	0.284415521369	0.336829026273	0.339942258841	0.0	0.401114707267	0.38848355283	0.336199683443	0.365175636632	0.357590839803	0.327039269417	0.380886997628	0.369907023261	0.3755190011	0.355681878163	0.321972612998	0.362016941448	0.3226046977	0.401664813504	0.334736637747	0.370512953222	0.40728587489	0.344627513857	0.421314845978
FN59	0.348252563476	0.376040209757	0.325207160873	0.22614084102	0.306248466243	0.3079817976	0.328568594792	0.299315375809	0.347490128922	0.296590162826	0.401114707267	0.0	0.453543181382	0.291056680199	0.388485047912	0.273852319538	0.284649888565	0.208108353166	0.275759155477	0.246692721772	0.267225374613	0.390434419994	0.206033925721	0.402175373623	0.456232796593	0.240001480513	0.323789636479	0.223297961632	0.24466700988	0.476116669952
FN35	0.357479866134	0.409955531879	0.385858828266	0.437445918099	0.332866836287	0.374200376593	0.380623630248	0.392230780413	0.411896556387	0.399922965056	0.38848355283	0.453543181382	0.0	0.360600075344	0.374717980438	0.407214413548	0.394618465366	0.439362691263	0.377834154048	0.385235981133	0.471980645961	0.334858146441	0.413322637854	0.315671185962	0.380036624158	0.41774775492	0.396664847136	0.450700673046	0.427361139037	0.43223156461
FN51	0.288350890367	0.282493885566	0.29527738914	0.317524663271	0.234094943705	0.25080758262	0.279504888425	0.246344216015	0.293752398534	0.279490918553	0.336199683443	0.291056680199	0.360600075344	0.0	0.329116355688	0.257841925663	0.262052643786	0.315316372293	0.276993272642	0.263637710932	0.342919455401	0.285757010927	0.27332282205	0.283221572135	0.359183711165	0.254313198998	0.3357100374	0.306058038409	0.326344774376	0.380219413615
FN50	0.351585602377	0.357713753924	0.259061041716	0.37763896175	0.291789954854	0.30874759487	0.288928360564	0.29031276815	0.316273643123	0.321834296196	0.365175636632	0.388485047912	0.374717980438	0.329116355688	0.0	0.335135589812	0.284409824995	0.378103626781	0.338215700785	0.353912250769	0.379163965092	0.300126176288	0.373417496688	0.238290810989	0.351447369891	0.335626557224	0.309875684429	0.397958467954	0.365300064629	0.379234626443
FN48	0.315331601677	0.341594092576	0.292469475293	0.292259116352	0.270357006308	0.27653861017	0.276786994007	0.2593024494	0.304715158706	0.275917488232	0.357590839803	0.273852319538	0.407214413548	0.257841925663	0.335135589812	0.0	0.275240451756	0.276142296588	0.275982792838	0.287598847575	0.329801475144	0.360107025161	0.258770365149	0.339425919845	0.392387779382	0.267144008367	0.361001600861	0.264231423675	0.304465959619	0.433415005745
FN42	0.314652376053	0.307379166264	0.263383386304	0.296102678515	0.214632838333	0.252517853989	0.242774675319	0.240647918232	0.284061919046	0.269395022676	0.327039269417	0.284649888565	0.394618465366	0.262052643786	0.284409824995	0.275240451756	0.0	0.301703237449	0.271064623162	0.277590460379	0.287306971845	0.275197643949	0.243763668752	0.2949061901	0.369571844594	0.232333631729	0.296444134114	0.311280386597	0.264760410424	0.413965946787
FN41	0.318566155595	0.380077272719	0.327345612163	0.230027407266	0.307125696838	0.298618068746	0.294643468843	0.302426346176	0.319724576324	0.299724798514	0.380886997628	0.208108353166	0.439362691263	0.315316372293	0.378103626781	0.276142296588	0.301703237449	0.0	0.284898349973	0.280299262163	0.282699967732	0.387776202995	0.229913961479	0.392000231164	0.449758136807	0.271379500911	0.337009578349	0.231945129992	0.274144061343	0.461405802478
FN40	0.30481568842	0.370098881808	0.339536594108	0.285415177671	0.268994184485	0.275019612499	0.308940329838	0.317692691099	0.324617590093	0.290826912176	0.369907023261	0.275759155477	0.377834154048	0.276993272642	0.338215700785	0.275982792838	0.271064623162	0.284898349973	0.0	0.27802954417	0.349317487437	0.343833894723	0.280490007656	0.355110462508	0.402223456257	0.230543088867	0.33410296671	0.293812497465	0.291221067031	0.434317330702
FN44	0.343481814695	0.328935372273	0.299099043267	0.305172603654	0.278572611389	0.329079746224	0.31886930732	0.264895691008	0.302277353875	0.278736541601	0.3755190011	0.246692721772	0.385235981133	0.263637710932	0.353912250769	0.287598847575	0.277590460379	0.280299262163	0.27802954417	0.0	0.305959699108	0.353748073927	0.222468139142	0.347667521126	0.414984534172	0.25521326148	0.343618381873	0.27863220772	0.282076425355	0.445003332202
FN43	0.381758783086	0.349801412817	0.310159951239	0.214521128659	0.295529923877	0.303111168266	0.332293010868	0.297639071068	0.315739949444	0.303107329231	0.355681878163	0.267225374613	0.471980645961	0.342919455401	0.379163965092	0.329801475144	0.287306971845	0.282699967732	0.349317487437	0.305959699108	0.0	0.3551919358	0.316897875655	0.399566524316	0.444923260717	0.272141008006	0.334868257922	0.316855621108	0.256435154222	0.434982050079
FN38	0.299651781845	0.31028549781	0.311752689491	0.374646265233	0.239444308711	0.28089623333	0.27218722561	0.286858474827	0.315161587238	0.291186658521	0.321972612998	0.390434419994	0.334858146441	0.285757010927	0.300126176288	0.360107025161	0.275197643949	0.387776202995	0.343833894723	0.353748073927	0.3551919358	0.0	0.357556547037	0.263755287212	0.345729439097	0.329658767508	0.319041009019	0.41912224522	0.36271740601	0.380375200943
FN45	0.340181495629	0.343749479976	0.301384564153	0.293018142269	0.263281027487	0.296051915374	0.301249765087	0.27333408577	0.329275618113	0.286290979571	0.362016941448	0.206033925721	0.413322637854	0.27332282205	0.373417496688	0.258770365149	0.243763668752	0.229913961479	0.280490007656	0.222468139142	0.316897875655	0.357556547037	0.0	0.358409086538	0.445674236602	0.230392415404	0.347965368431	0.251342613178	0.259637035543	0.446291162459
FN49	0.297329594446	0.321979856957	0.290741566044	0.382605465971	0.26998686213	0.284557162613	0.288700430248	0.282846384471	0.337400607366	0.328326328446	0.3226046977	0.402175373623	0.315671185962	0.283221572135	0.238290810989	0.339425919845	0.2949061901	0.392000231164	0.355110462508	0.347667521126	0.399566524316	0.263755287212	0.358409086538	0.0	0.301668027136	0.335062357273	0.314701095928	0.417146655726	0.381887566606	0.370195793394
FN53	0.386583144604	0.374134365049	0.370267591478	0.450032863019	0.347883054586	0.371667413869	0.340961681913	0.374895219328	0.394630220563	0.386222169509	0.401664813504	0.456232796593	0.380036624158	0.359183711165	0.351447369891	0.392387779382	0.369571844594	0.449758136807	0.402223456257	0.414984534172	0.444923260717	0.345729439097	0.445674236602	0.301668027136	0.0	0.41371773008	0.360672542043	0.458042888772	0.441524219645	0.39677719591
FN56	0.327664330749	0.347182907651	0.316832896529	0.229651056936	0.253440267598	0.24227039017	0.308498616219	0.285226792337	0.341142571297	0.264644161877	0.334736637747	0.240001480513	0.41774775492	0.254313198998	0.335626557224	0.267144008367	0.232333631729	0.271379500911	0.230543088867	0.25521326148	0.272141008006	0.329658767508	0.230392415404	0.335062357273	0.41371773008	0.0	0.323809343125	0.247916512016	0.224469568815	0.410565724298
FN54	0.324136387916	0.372314158249	0.32087465254	0.354088396206	0.324352806183	0.307858118084	0.308383411202	0.326262835901	0.325083765315	0.339596724623	0.370512953222	0.323789636479	0.396664847136	0.3357100374	0.309875684429	0.361001600861	0.296444134114	0.337009578349	0.33410296671	0.343618381873	0.334868257922	0.319041009019	0.347965368431	0.314701095928	0.360672542043	0.323809343125	0.0	0.379447514664	0.338598847661	0.410724887363
FN52	0.368161867679	0.412187757414	0.292476125982	0.265160665475	0.319285104074	0.317718706732	0.347520719382	0.312415170195	0.374163431287	0.315510302291	0.40728587489	0.223297961632	0.450700673046	0.306058038409	0.397958467954	0.264231423675	0.311280386597	0.231945129992	0.293812497465	0.27863220772	0.316855621108	0.41912224522	0.251342613178	0.417146655726	0.458042888772	0.247916512016	0.379447514664	0.0	0.28215872047	0.482596793923
FN58	0.352460333221	0.367392112462	0.299775157467	0.229130771845	0.278475212858	0.272336832778	0.308146998369	0.310643407391	0.336606962431	0.307954430459	0.344627513857	0.24466700988	0.427361139037	0.326344774376	0.365300064629	0.304465959619	0.264760410424	0.274144061343	0.291221067031	0.282076425355	0.256435154222	0.36271740601	0.259637035543	0.381887566606	0.441524219645	0.224469568815	0.338598847661	0.28215872047	0.0	0.419154621364
FN60	0.393034171896	0.427383443409	0.424722680576	0.438381203743	0.368339519079	0.388973442291	0.405262203409	0.407848226354	0.42158344561	0.420404534544	0.421314845978	0.476116669952	0.43223156461	0.380219413615	0.379234626443	0.433415005745	0.413965946787	0.461405802478	0.434317330702	0.445003332202	0.434982050079	0.380375200943	0.446291162459	0.370195793394	0.39677719591	0.410565724298	0.410724887363	0.482596793923	0.419154621364	0.0